sample_data.las, 1000000 lines
using tlv.py

las luku
1) 4.026, 3.860, 0.160
2) 3.951, 3.820, 0.124
3) 3.942, 3.792, 0.144
4) 3.955, 3.832, 0.116
5) 3.977, 3.816, 0.160
6) 4.003, 3.896, 0.100
7) 3.928, 3.840, 0.084
8) 3.959, 3.820, 0.136
9) 3.998, 3.892, 0.100
10) 4.003, 3.864, 0.132

las kirjoitus
1) 3.430, 3.360, 0.064
2) 3.431, 3.328, 0.096
3) 3.653, 3.416, 0.052
4) 3.456, 3.412, 0.044
5) 3.482, 3.432, 0.044
6) 3.442, 3.352, 0.084
7) 3.501, 3.428, 0.068
8) 3.625, 3.368, 0.052
9) 3.454, 3.384, 0.064
10) 3.504, 3.456, 0.044


using NON tlv.py

paloittelu listan palasiksi (muistuttaa las lukua)
txt luku
1) 4.317, 3.940, 0.368
2) 4.304, 3.912, 0.480
3) 4.452, 4.120, 0.320
4) 4.275, 3.924, 0.340
5) 4.257, 3.872, 0.372
6) 4.469, 4.092, 0.364
7) 4.287, 3.960, 0.316
8) 4.295, 3.888, 0.396
9) 4.241, 3.896, 0.336
10) 4.285, 3.936, 0.340

kastaus stringiksi
txt kirjoitus
1) 9.033, 8.952, 0.072
2) 9.168, 8.997, 0.160
3) 10.245, 8.975, 0.112
4) 8.940, 8.813, 0.116
5) 9.163, 9.053, 0.100
6) 9.900, 8.765, 0.088
7) 8.977, 8.885, 0.084
8) 9.064, 8.957, 0.100
9) 8.997, 8.905, 0.084
10) 8.918, 8.837, 0.072