sample_data.txt, 1000000 lines
using fileTools.py

txt -> las
1) 16.136, 15.717, 0.424
2) 16.576, 15.793, 0.384
3) 17.252, 16.617, 0.432
4) 16.669, 15.777, 0.380
5) 16.461, 15.945, 0.456
6) 16.000, 15.529, 0.448
7) 16.099, 15.725, 0.356
8) 17.315, 16.433, 0.420
9) 16.260, 15.753, 0.484
10) 16.278, 15.729, 0.532


las -> txt
1) 13.438, 13.137, 0.288
2) 14.520, 13.365, 0.264
3) 15.140, 13.445, 0.236
4) 13.518, 13.085, 0.264
5) 13.410, 13.117, 0.280
6) 13.402, 13.097, 0.292
7) 13.943, 13.701, 0.232
8) 14.355, 13.409, 0.184
9) 13.420, 13.169, 0.236
10) 13.324, 12.989, 0.320


las -> las
1) 9.095, 8.889, 0.196
2) 9.107, 8.897, 0.204
3) 9.109, 8.945, 0.152
4) 8.966, 8.829, 0.128
5) 9.018, 8.881, 0.124
6) 9.196, 9.037, 0.152
7) 9.011, 8.761, 0.240
8) 9.007, 8.833, 0.164
9) 9.017, 8.869, 0.140
10) 9.255, 9.077, 0.168


txt -> txt
1) 12.014, 11.565, 0.428
2) 13.319, 11.677, 0.468
3) 12.076, 11.561, 0.500
4) 12.358, 11.765, 0.460
5) 13.077, 11.529, 0.480
6) 13.126, 12.045, 0.416
7) 12.201, 11.701, 0.480
8) 12.857, 11.581, 0.520
9) 12.304, 11.601, 0.500
10) 11.932, 11.445, 0.468 